======================================================================
Station Count Sensitivity Report
======================================================================

Model: NN Delta+Huber+AR (best Phase 4 config)
Available stations: 50
Counts tested: [5, 10, 14, 20, 30, 40, 50]

Results:

 n_stations   mae  rmse     r2   bias  n_features  n_params  best_epoch  train_time_s
          5 4.873 6.388 0.8342  0.255          23      3649          41           5.5
         10 4.615 6.078 0.8499  0.579          43      4929          85           3.0
         14 4.671 6.089 0.8494 -0.156          59     16001          63           3.2
         20 4.686 6.043 0.8516  0.602          83     19073          90           3.9
         30 4.668 5.916 0.8578 -0.352         123     64769          32           2.2
         40 4.864 6.266 0.8405  0.362         163     75009          49           3.2
         50 4.908 6.476 0.8296 -0.396         203     85249          44           3.0

Best: 10 stations, MAE=4.615 F

======================================================================